matriz[][131] = {{9092,4404,576,536,600,536,740,1496,600,540,744,1488,604,536,572,564,812,340,784,352,572,1664,720,416,576,1660,724,416,776,360,596,1640,780,1472,576,564,692,444,784,352,572,564,572,564,736,400,572,564,600,552,572,564,688,444,576,564,788,344,788,348,576,560,712,424,720,436,692,444,572,564,780,352,768,368,576,560,600,536,696,440,576,580,572,1664,696,1540,696,440,696,1540,576,564,736,400,740,396,740,1512,576,560,572,564,600,536,740,396,740,396,716,420,692,1544,576,580,688,448,572,568,732,400,716,416,600,1636,576,1660,580,560,788,1448,580},
{9068,4432,788,320,696,444,524,1712,652,488,648,1584,696,444,736,400,524,628,524,612,648,1588,612,524,528,1708,696,444,524,1712,528,608,740,412,528,612,524,608,696,440,648,488,528,608,524,612,696,440,740,412,528,608,528,608,696,440,528,608,524,612,524,612,736,400,524,628,524,612,740,396,696,440,524,612,524,612,692,444,696,440,524,628,524,1712,528,1708,528,612,696,440,736,400,524,612,644,492,696,1556,528,608,528,608,692,444,696,440,524,612,648,488,648,1588,528,628,688,448,736,400,648,484,528,608,696,1540,652,1588,696,440,744,1496,528},
{8972,4520,576,540,524,612,524,1712,524,612,524,1712,528,612,524,608,528,624,528,612,524,1708,528,612,524,1712,528,608,524,1716,524,612,524,1728,528,608,528,608,528,608,524,612,524,612,528,608,524,612,524,628,524,612,528,608,524,612,524,612,524,612,524,612,524,612,524,628,524,612,524,612,524,612,524,612,524,612,524,612,524,612,524,628,524,1712,528,608,528,1708,528,1712,524,612,524,612,524,612,524,1728,528,612,524,608,528,612,524,612,524,612,524,612,524,1708,528,628,524,612,524,612,524,612,524,612,524,1712,528,1708,528,612,524,1716,524},
{9060,4436,796,312,584,560,576,1660,724,412,576,1660,836,284,840,304,584,580,804,328,752,1484,608,532,608,1628,828,296,616,1632,604,1636,604,552,700,436,844,252,844,328,604,532,748,388,792,344,792,344,604,552,604,532,828,288,620,532,604,532,688,448,772,364,744,392,576,580,824,296,816,332,604,532,604,532,576,560,804,332,764,372,576,576,768,1468,608,532,600,1636,836,280,760,396,600,536,800,332,744,1512,604,536,716,420,824,296,820,328,604,532,744,392,604,1632,604,552,796,336,832,288,776,380,600,536,820,1412,792,1448,776,360,828,1412,608},
{9096,4400,784,324,800,336,604,1636,720,416,788,1448,772,368,812,316,748,412,576,560,572,1660,824,308,776,1468,772,368,692,1540,604,1632,832,1428,604,532,768,368,764,372,600,536,572,564,600,536,816,308,804,360,604,532,576,560,604,532,600,536,600,536,600,532,828,296,828,336,580,560,596,540,768,368,768,364,744,392,604,532,724,412,788,364,576,1660,608,532,824,296,784,1464,724,416,804,332,604,532,696,1556,772,368,852,236,772,412,600,536,696,440,696,440,740,1496,816,332,840,280,624,532,608,528,768,368,808,1428,604,1632,816,316,608,1636,604},
{8944,4552,584,528,608,532,604,1632,612,524,604,1632,612,524,608,528,604,548,576,560,612,1624,604,532,576,1664,612,1624,600,536,576,560,576,580,608,524,576,560,576,560,608,528,608,532,608,524,576,560,576,576,612,528,604,532,608,524,608,528,608,528,608,528,576,560,580,572,608,528,576,560,612,524,576,560,612,524,580,552,576,564,612,540,608,1628,616,520,608,528,576,560,576,560,608,528,616,520,576,1680,616,520,608,528,608,528,608,528,608,528,608,524,576,1664,572,580,612,524,616,520,608,528,616,520,616,1620,608,1632,596,536,576,1668,608},
{8948,4548,744,368,524,612,524,1712,524,612,528,1704,608,532,528,608,528,624,528,612,524,1712,524,612,524,1712,528,1708,528,612,524,612,524,1728,528,608,528,608,528,608,528,608,528,608,528,608,524,616,524,624,528,608,528,608,528,608,524,612,524,612,524,612,524,612,524,628,524,612,524,612,528,608,524,612,524,612,524,612,524,612,524,628,524,612,524,1712,528,1708,604,1632,604,536,524,612,524,612,528,1724,528,612,524,612,524,612,524,612,524,612,524,612,524,1712,524,628,528,608,524,612,524,612,524,612,524,1712,528,1708,528,612,524,1712,604},
{8944,4556,572,536,576,560,580,1656,604,532,576,1664,600,536,580,556,576,576,608,528,608,1628,600,536,612,1628,608,1628,600,536,608,1628,604,552,608,528,604,532,608,528,612,520,576,564,604,528,608,528,608,544,612,528,612,524,608,528,572,564,608,528,580,552,576,560,608,544,576,560,576,564,604,528,612,524,612,524,576,564,576,560,604,544,612,528,576,1656,604,1636,600,540,604,528,576,560,612,524,576,1676,604,532,576,564,604,532,604,532,604,528,580,556,612,1624,604,552,608,528,612,524,576,560,604,532,604,1632,580,1656,604,536,604,1632,612},
{9004,4496,572,536,604,532,604,1632,612,524,608,1632,604,528,580,560,604,544,608,528,608,1632,604,532,600,1636,604,1632,608,532,604,1632,604,1652,604,532,604,532,608,528,576,560,604,532,604,532,608,528,604,548,600,532,608,532,604,532,604,532,608,528,604,528,580,560,604,548,604,532,604,532,604,532,608,528,600,532,724,416,600,536,604,548,604,532,576,1660,608,528,576,1664,600,536,600,532,608,528,604,1648,820,312,616,528,604,532,604,532,604,532,604,532,576,1660,608,548,572,564,600,532,604,532,608,528,608,1632,604,1632,604,536,572,1664,604},
{9096,4400,700,412,788,348,600,1636,816,316,700,1544,576,560,768,368,828,320,824,308,612,1632,764,376,720,1512,604,1636,820,1420,600,536,600,552,796,340,788,348,600,536,720,416,800,332,604,536,600,536,600,552,824,296,816,332,600,540,716,420,820,304,612,536,600,536,572,580,788,348,820,304,824,316,580,564,600,532,604,536,768,364,576,580,784,348,796,1440,604,536,716,420,788,348,796,340,600,536,600,1652,604,532,600,536,600,536,772,364,816,312,780,364,600,1636,764,392,716,420,764,372,572,564,828,288,844,1408,604,1636,744,392,764,1476,792},
{9008,4488,580,532,604,532,608,1628,600,536,608,1628,608,528,608,532,572,580,604,532,604,1632,604,532,604,1632,612,1628,600,1636,600,536,608,1644,604,536,576,560,612,524,608,528,600,536,604,528,576,560,608,548,604,532,604,532,572,564,604,532,576,560,576,556,608,532,604,548,604,532,604,532,604,532,604,532,600,532,608,528,608,532,600,552,604,532,604,532,600,1636,816,1420,604,532,608,532,604,528,772,1484,604,532,772,364,576,560,576,560,604,532,604,532,576,1656,604,552,816,316,612,528,576,560,604,532,860,1376,608,1628,608,532,576,1664,604},
{8972,4520,820,264,816,352,600,1636,720,416,768,1468,600,540,820,300,780,388,572,564,600,1636,788,348,600,1636,804,1432,584,1656,816,1420,600,556,600,536,808,324,604,536,572,564,600,536,820,304,732,416,600,552,720,416,804,328,600,540,600,536,596,540,820,304,808,336,584,572,716,420,596,540,600,536,596,536,740,400,824,296,824,320,608,552,804,328,600,540,760,1472,724,416,824,296,828,320,576,564,600,1652,792,344,604,532,816,312,852,260,608,560,600,536,720,1516,724,432,600,536,600,536,800,332,604,536,572,1660,852,1384,612,528,816,1424,604},
{9140,4356,552,560,736,400,780,1456,692,448,572,1660,748,392,572,564,688,464,696,440,572,1664,744,396,788,1448,600,1636,784,1452,576,1664,792,1460,580,560,728,408,740,396,692,444,572,564,812,320,740,400,572,580,716,420,760,376,792,340,760,380,572,564,788,344,576,564,596,556,572,564,812,316,796,344,576,560,764,372,796,340,576,560,600,556,596,540,832,280,836,316,604,1636,604,536,572,564,572,564,740,1508,748,392,600,536,792,344,720,416,744,392,600,536,696,1536,772,388,600,536,600,536,692,440,764,376,600,1632,800,1440,720,416,768,1472,780},
{9116,4384,576,536,604,532,600,1636,600,536,608,528,608,528,604,532,604,548,608,528,608,1632,604,532,576,1664,600,1632,608,1628,604,1636,608,1648,604,532,608,528,604,532,608,528,604,532,600,532,608,532,600,552,600,536,604,532,604,528,608,536,600,532,604,532,604,516,620,548,600,536,576,560,604,528,604,532,608,532,600,532,608,532,600,548,608,1628,608,536,600,532,604,1632,604,536,600,532,604,532,604,1652,604,532,600,536,604,532,604,532,604,528,604,536,600,1632,608,548,604,532,600,536,604,532,604,532,604,1636,600,1632,608,532,604,1632,608}}
;
